SEQN	age	sex	ethnic	bmi	bmicat	playhard	ff	selfimage
41491 11.17	1	1	15.69	2	3	2	3
41500	14.92	1	2	37.4	4	2	0	1
41532	8.17	0	3	16.73	2	3	0	""
41553	15	1	3	36.47	4	2	1	3
41559	12.25	1	1	12.61	1	2	1	2
41568	8.33	0	2	23.71	4	2	0	1
41588	11.67	0	1	16.66	2	3	1	3
41591	8.17	0	1	24.11	4	2	2	3
41598	12.08	0	2	33.17	4	2	1	1
41609	11	0	3	19.34	2	2	2	3
41620	9.17	0	1	20.74	4	2	1	1
41630	15	0	2	19.09	2	2	1	3
41633	16	0	3	19.41	2	2	2	""
41638	8.67	0	2	21.72	4	1	1	2
41640	13.58	0	1	26.35	4	2	1	3
41644	13.25	1	3	39.54	4	2	1	1
41650	11.83	1	1	15.69	2	3	1	3
41656	14.67	1	2	39.2	4	2	1	1
41657	8.75	0	1	14.92	2	3	1	3
41659	15.58	1	1	27.64	3	2	1	3
41660	8.08	1	4	20.32	3	2	1	3
41681	14.92	1	1	24.95	3	2	1	""
41684	10.58	1	2	17.16	2	2	1	3
41689	12.92	0	2	25.28	4	2	2	1
41696	12.08	0	2	19.26	2	2	1	3
41701	13.08	1	3	26.46	4	2	0	3
41706	3	0	3	18.85	3	3	1	""
41720	8.42	1	2	28.59	4	2	1	1
41722	15	0	2	20.71	2	2	0	3
41726	8.33	1	2	19.38	3	2	1	3
41732	12.08	1	2	18.07	2	2	1	3
41734	14.67	1	2	35.72	4	2	1	1
41736	14.75	0	1	21.92	2	2	1	3
41747	11	1	3	40.47	4	2	1	3
41752	8.17	1	3	15.43	2	3	1	3
41774	11.67	0	3	23.42	4	3	1	3
41777	11.5	1	2	20.23	2	2	1	3
41778	14.5	1	3	27.27	4	2	1	""
41789	11.92	0	3	18.6	2	3	1	3
41792	14.42	0	2	24.53	3	2	0	3
41804	14.83	1	2	22.7	2	2	1	1
41805	9.17	1	1	19.68	3	3	1	3
41807	8.25	0	1	18.49	3	2	1	3
41812	15.42	0	2	30.19	4	2	1	1
41824	15.5	1	2	21.11	2	2	1	3
41826	13.17	0	1	26.68	4	2	2	3
41828	15.58	1	2	22.6	2	2	2	3
41830	10.33	0	3	16.91	2	2	1	3
41831	9.75	1	1	22.92	4	3	1	1
41837	15.25	0	1	18.8	2	2	1	3
41845	8.92	0	2	20.77	4	3	1	1
41846	14.58	1	1	23.93	3	2	1	3
41847	9.42	1	3	14.68	2	2	1	3
41854	8.17	1	1	15.96	2	3	1	3
41866	14	1	1	17.53	2	2	1	3
41874	9.17	1	1	14.77	2	2	1	3
41886	10.83	0	1	19.61	3	2	1	3
41887	12.83	0	2	24.09	3	2	1	3
41890	10.08	1	4	23.34	4	2	2	3
41892	11.5	1	4	16.97	2	2	2	2
41917	9.58	0	2	14.48	2	3	0	3
41930	12	0	2	15.14	2	2	2	3
41931	15.67	0	1	22.18	2	2	1	3
41935	9.5	1	1	18.93	2	3	2	1
41938	11.92	0	4	25.97	4	3	1	1
41940	10.08	1	2	21.76	3	3	1	1
41941	13.08	0	2	21.29	2	2	1	3
41943	8.17	0	1	28.67	4	3	2	3
41954	9.75	0	3	19.25	3	2	1	2
41977	11.17	0	3	26.36	4	3	1	3
41987	9.75	0	2	20.24	4	2	0	3
41989	13.83	0	3	17.59	2	2	1	""
41997	12	0	2	37.87	4	2	1	1
42006	9.5	0	2	22.44	4	2	0	3
42011	12.08	0	3	28.04	4	2	1	3
42022	14.33	1	2	21.5	2	2	1	3
42027	9.67	1	2	20.53	3	2	1	1
42044	13.08	1	2	19.78	2	2	1	1
42078	11.83	1	3	16	2	3	1	3
42089	10.17	0	1	21.72	3	3	1	1
42097	13.17	0	2	18.43	2	2	1	3
42098	13.42	0	3	19.37	2	2	0	3
42101	15.5	0	4	24.98	3	2	1	3
42105	13.25	0	1	15.88	2	2	1	3
42112	11.67	0	1	21.31	3	2	1	3
42128	11.58	1	1	24.76	4	2	1	1
42129	11.42	1	1	14.24	1	2	0	3
42136	10.58	0	3	13.55	1	3	2	3
42142	8.5	1	2	16.12	2	2	1	3
42150	12.33	1	1	16.45	2	2	1	3
42153	11.08	0	3	17.61	2	3	1	3
42174	11.5	1	3	19.48	2	2	0	3
42176	11.92	1	3	18.09	2	2	1	3
42192	16	1	3	41.4	4	2	1	""
42196	9.33	1	2	22.58	4	2	1	3
42203	11.92	1	1	18.17	2	2	1	3
42205	13.08	0	3	16.19	2	2	1	2
42208	14.83	1	2	40.36	4	2	1	1
42213	15.75	1	1	16.38	2	2	1	3
42222	10.42	1	4	17.31	2	3	1	""
42227	12.5	0	1	21.14	3	2	1	3
42243	11.25	0	2	15.57	2	3	1	2
42250	16	0	2	15.31	1	2	1	""
42264	10.92	1	3	16.63	2	3	1	3
42272	8.5	0	3	22.82	4	2	1	3
42279	8.17	1	1	16.87	2	2	1	3
42282	9.33	0	3	21.34	4	3	1	1
42286	12.08	0	1	16.65	2	2	1	3
42289	9.5	1	1	19.63	3	2	0	1
42293	12.83	0	1	23.56	3	2	1	1
42301	12.75	1	2	25.99	4	2	1	3
42306	12.42	0	3	30.79	4	2	1	1
42317	11.92	1	2	19.93	2	3	1	3
42322	9.58	1	1	17.83	2	2	0	3
42323	13.83	0	3	41.87	4	2	0	3
42324	8.92	1	1	25.36	4	1	1	3
42325	13.42	0	3	18.22	2	2	1	""
42337	12.83	1	2	20.26	2	2	1	1
42339	8.67	1	4	14.8	2	2	1	3
42341	11.17	1	2	18.67	2	2	0	""
42359	14	0	1	20.82	2	2	1	3
42360	9.33	1	3	31.31	4	2	1	3
42371	10.33	0	3	15.42	2	3	1	3
42374	11.5	1	4	20.98	2	2	1	1
42386	12.33	0	3	18.93	2	2	2	2
42398	10.83	0	3	17.14	2	2	1	3
42403	11.67	0	3	24.79	4	2	1	3
42409	14.67	1	1	22.56	2	2	1	""
42410	11.83	1	2	33.26	4	2	1	1
42417	9.33	1	2	24.54	4	1	1	1
42418	11.92	0	2	23.41	4	3	1	1
42442	8.33	0	2	17.17	2	2	1	3
42461	8.08	0	1	14.56	2	3	0	3
42462	11.5	0	4	20.47	3	2	0	1
42465	9.83	0	1	25.09	4	2	1	1
42466	13.08	1	2	18.83	2	2	2	3
42469	12.33	0	2	15.91	2	2	1	2
42485	8	0	1	14.13	2	3	1	3
42487	11.67	0	2	24.62	4	2	1	1
42488	12	1	3	26.71	4	2	1	1
42499	8.75	1	1	25.52	4	3	1	1
42500	10.83	1	3	30.49	4	2	1	1
42508	13.42	0	4	17.26	2	2	1	3
42513	9.33	1	1	17.28	2	3	1	3
42515	8	1	2	15.87	2	2	1	3
42522	9.33	1	2	19.96	3	2	1	3
42534	12.58	0	1	20.01	2	2	0	3
42538	13.33	0	2	21.06	2	2	1	3
42548	8.75	1	1	20.84	4	2	1	3
42556	12.58	1	1	18.94	2	2	1	3
42562	10.58	0	2	17.06	2	3	1	3
42570	10.67	1	2	17.46	2	2	1	3
42574	15.5	0	3	26.54	3	2	1	3
42583	15.17	1	3	19.7	2	2	1	3
42588	10.33	1	2	14.92	2	2	1	3
42597	8.58	1	2	14.65	2	2	1	3
42598	13.67	0	2	18.51	2	2	1	3
42622	9.75	0	2	18	2	3	1	3
42625	10.17	0	3	20.93	3	2	0	3
42630	11.42	1	2	18.65	2	3	1	3
42633	10.75	0	2	18.93	2	2	0	3
42663	8.17	0	2	13.97	2	3	1	3
42677	12.92	1	1	23.29	3	2	1	1
42697	15.75	0	3	25.22	3	2	2	3
42708	13.42	0	3	19.44	2	2	1	3
42709	8.5	1	2	19.26	3	2	0	3
42720	10.75	1	3	26.36	4	3	1	3
42729	11.33	0	1	16.21	2	2	1	3
42734	15.33	1	1	19.3	2	2	2	3
42737	14.5	1	3	36.14	4	2	1	3
42739	9.08	1	1	16.11	2	3	2	3
42742	10.92	1	3	14.38	2	4	1	3
42756	12.42	1	3	18.11	2	2	1	3
42776	14.08	0	1	19.75	2	2	1	3
42777	10.58	0	2	24.71	4	3	1	3
42784	11.67	0	1	30.91	4	2	1	3
42789	11.42	0	1	19.81	2	3	1	3
42793	8.17	1	1	14.9	2	3	1	3
42796	10.5	1	2	17.33	2	2	1	3
42810	8.58	0	1	21.46	4	3	2	1
42815	9.33	1	3	20.74	3	3	1	3
42829	9.5	0	3	22.7	4	3	1	1
42832	15.25	0	4	15.94	1	2	1	""
42837	13	0	2	24.77	3	2	1	3
42858	9.83	0	3	17.11	2	3	1	3
42859	11.75	1	1	15.59	2	2	1	3
42863	8.33	0	1	14.39	2	3	1	3
42875	13.5	1	3	21.53	2	2	1	3
42884	13.67	1	2	19.78	2	2	1	3
42885	11.42	1	2	14.77	2	3	1	3
42887	9.25	1	2	19.31	3	1	1	3
42889	13.08	1	1	20	2	2	1	3
42895	8.5	1	2	17.19	2	2	1	3
42907	8.08	0	1	13.41	1	3	1	3
42930	11.83	0	2	19.38	2	2	0	3
42933	10	1	2	15.18	2	3	2	2
42936	11.17	1	2	26.25	4	2	1	1
42944	11.08	1	3	17.82	2	2	1	3
42952	11.33	0	1	19.36	2	3	1	""
42954	10	1	2	25.49	4	2	1	3
42957	8.58	0	2	17.61	2	3	1	2
42959	9.33	0	2	18.03	2	2	1	3
42963	11.58	1	2	22.74	3	2	1	1
42964	10.42	0	2	40.13	4	3	1	1
42966	9.58	1	2	15.71	2	2	2	3
42971	10.25	0	2	15.58	2	3	1	2
42972	10.33	0	1	14.54	2	2	0	3
42980	14.58	0	3	23.02	3	2	0	3
42983	14	0	3	18.04	2	2	1	3
42988	9.25	0	1	15.09	2	2	1	3
42989	12.42	0	2	18.4	2	2	1	3
42992	12.42	1	3	28.83	4	2	2	1
42996	12.17	1	4	13.59	1	2	1	""
43002	8.08	0	2	15.48	2	2	0	3
43009	16	0	1	40.68	4	2	1	""
43012	13.67	1	2	18.74	2	2	1	3
43014	10.33	1	2	14.03	2	3	1	2
43021	15.42	0	1	31.1	4	2	1	1
43027	9	1	2	13.11	1	2	1	3
43028	11	0	1	21.4	3	2	1	3
43042	12.5	1	1	28.06	4	2	1	3
43046	10.42	1	1	19.32	2	3	1	3
43052	14.08	0	2	27.11	4	2	0	1
43055	15.5	1	1	20.96	2	2	2	1
43058	8.33	1	2	18.57	3	1	1	3
43069	10.17	1	3	13.99	1	1	1	3
43070	14.17	0	1	21.97	2	2	2	3
43075	10.5	1	2	24.68	4	3	0	1
43083	12.58	1	1	16.29	2	2	1	3
43088	10.92	0	3	18.28	2	3	0	3
43090	9.42	1	2	20.21	3	3	0	3
43105	10.17	1	3	20.93	3	2	2	3
43109	14.17	0	1	14.56	1	2	1	2
43110	10.25	0	2	16.8	2	3	1	3
43120	11	1	2	20.61	2	2	2	3
43122	11.25	1	2	25.86	4	2	1	1
43126	13.5	0	1	17.7	2	2	1	3
43130	8.75	0	4	19.22	3	2	1	3
43137	15.08	0	2	17.14	2	2	1	2
43147	14.33	0	2	16.6	2	2	1	3
43188	11.17	1	4	17.65	2	3	2	3
43194	8.25	1	2	15.91	2	3	0	3
43206	8	1	3	17.07	2	3	1	3
43219	14	1	1	15.67	1	2	1	2
43222	15.92	1	3	22.41	2	2	1	""
43223	15.67	0	2	21.8	2	2	2	3
43225	11.42	0	1	17.89	2	3	1	3
43226	10.75	0	1	17.28	2	3	1	3
43231	8.75	1	1	16.66	2	3	2	3
43236	8	0	1	17.71	2	2	2	3
43239	8.08	1	3	15.37	2	2	0	3
43249	12.92	1	4	19.51	2	2	1	3
43253	14.33	0	2	24.26	3	2	1	1
43258	12.58	1	2	30.09	4	2	1	1
43262	9.08	1	3	14.29	2	2	1	3
43266	10.92	1	3	19.02	2	3	1	1
43309	15.83	1	1	31.33	4	2	1	1
43325	12.5	0	1	14.81	1	2	1	2
43331	8.5	1	2	17.95	2	3	0	3
43332	10.58	0	3	23.64	4	3	1	3
43346	9.58	0	3	21.82	4	2	1	3
43350	11.5	1	2	30.7	4	2	1	3
43357	9.17	0	1	21.51	4	3	1	3
43360	12.25	0	2	27.57	4	2	1	3
43361	15.08	1	1	22	2	2	1	3
43377	14.33	0	2	28.41	4	2	1	""
43380	9.92	1	3	25.29	4	2	1	3
43390	10.08	0	2	17.6	2	2	0	3
43395	11.92	0	2	18.06	2	2	1	3
43397	11.67	1	2	21.03	3	3	2	1
43398	8.5	1	3	17.26	2	2	1	3
43403	8.33	1	2	17.6	2	2	1	2
43409	14.75	1	1	23.88	3	2	1	3
43410	12.92	0	2	20.13	2	2	1	3
43416	13.42	0	3	21.43	2	2	0	3
43423	12.08	1	2	19.93	2	2	1	3
43428	15.33	0	3	19.5	2	2	1	3
43434	8.33	0	2	14.68	2	3	1	3
43436	11.25	1	1	16.36	2	2	1	""
43437	10.5	1	1	17.68	2	2	1	3
43446	14	0	1	18.73	2	2	1	3
43450	8.75	0	1	15.93	2	2	1	3
43462	12.5	1	3	17.22	2	2	1	3
43472	9.83	0	1	15.63	2	3	0	3
43483	12.58	0	1	18.04	2	2	1	3
43487	12.17	1	3	23.02	3	2	1	1
43490	14	1	2	27.59	4	2	1	1
43504	8.83	1	4	17.7	2	2	1	3
43507	8.92	0	2	16.6	2	2	0	2
43511	14.5	1	1	29.58	4	2	1	3
43522	11.33	1	4	17.44	2	2	1	3
43536	15	1	2	31.44	4	2	1	1
43539	13.75	1	2	35.26	4	2	1	1
43569	14.58	1	3	23.57	3	2	1	3
43608	8.75	0	1	16.06	2	2	0	""
43623	11.42	1	4	17.61	2	3	2	3
43628	15.33	1	3	29.45	4	2	1	1
43630	15.58	0	1	20.43	2	2	2	3
43637	11.33	1	2	14.64	2	2	1	3
43642	15.17	0	2	21.63	2	2	1	3
43643	10.83	0	2	19.33	2	3	1	1
43650	13.25	1	3	19.42	2	2	1	3
43651	12.25	1	2	18.73	2	2	1	3
43658	10.67	1	1	17.99	2	3	2	2
43659	15.33	0	1	25.8	3	2	0	3
43664	9.67	1	1	23.57	4	2	1	1
43669	11.75	0	2	16.88	2	2	1	2
43675	8.92	0	1	15.55	2	3	1	2
43677	11.33	0	2	28.76	4	2	1	1
43685	8	1	2	13.59	2	1	1	3
43707	12.92	0	2	33.85	4	2	1	1
43711	15.17	1	2	17.63	2	2	1	3
43719	15.42	0	3	26.71	3	2	1	3
43721	13.42	1	1	25.34	3	2	1	3
43737	12.75	1	3	32.6	4	2	1	1
43741	14.75	1	4	35.1	4	2	1	1
43750	13.42	0	1	16.37	2	2	2	2
43751	11.75	0	1	22.52	3	2	1	3
43753	14.75	0	2	24.7	3	2	1	3
43755	11.42	0	2	16.78	2	3	1	2
43781	8.08	0	2	21.12	4	2	1	3
43782	11.92	0	1	18.02	2	3	2	3
43791	9.67	1	2	15.89	2	2	0	3
43797	14.67	1	1	24.27	3	2	1	""
43805	9.08	0	1	19.86	3	2	1	3
43809	9	1	3	30.45	4	3	2	1
43831	10.42	0	2	19.51	3	4	1	3
43835	13	1	3	21.1	2	2	1	""
43837	14.75	0	1	20.3	2	2	1	3
43845	9.33	1	2	14.51	2	3	1	2
43866	12.58	0	2	19.06	2	2	1	3
43873	14.58	1	1	25.51	3	2	2	3
43876	13.25	1	3	17.19	2	2	1	3
43880	9.5	0	1	16.02	2	3	0	3
43894	8.92	0	2	19.28	3	3	1	3
43898	15.42	1	3	22.11	2	2	1	3
43913	16	1	3	20.17	2	2	1	""
43917	14.58	0	2	27.35	4	2	1	3
43918	12.25	1	1	23.27	3	2	1	3
43925	11.33	0	3	16.29	2	2	1	2
43943	12.33	0	3	30.39	4	2	1	""
43946	15.67	0	2	20.91	2	2	2	3
43950	10.17	0	2	18.81	2	3	1	3
43958	9.08	0	2	17.39	2	3	1	3
43972	14	0	2	18.45	2	2	0	3
43975	11.5	0	1	31.93	4	1	2	1
43978	12.17	0	1	27.68	4	2	1	1
43996	15.92	0	3	18.24	2	2	1	2
44002	15.92	0	3	21.44	2	2	0	3
44006	9	1	2	19.58	3	3	2	3
44007	13.33	0	2	20.01	2	2	1	3
44014	14.83	0	2	19.2	2	2	1	3
44023	8.75	0	2	19.39	3	3	1	3
44025	8.33	0	1	18.36	3	2	1	3
44030	10.08	0	2	19.99	3	3	0	3
44036	10.42	0	1	14.32	2	3	1	2
44037	13.25	1	2	26.48	4	2	1	1
44038	15.08	0	2	18.82	2	2	1	3
44075	10	1	3	15.68	2	3	1	3
44077	12.17	1	2	26.61	4	2	1	1
44083	15.42	1	3	30.76	4	2	1	3
44087	9.17	0	1	15.13	2	3	0	2
44099	13.83	0	3	34.29	4	2	1	3
44103	9.25	0	2	14.66	2	3	1	3
44114	14	1	2	27.68	4	2	1	1
44119	12.67	1	2	28.87	4	2	1	""
44135	9.17	1	3	20.78	3	3	1	3
44137	9.5	0	3	21.15	4	3	1	1
44138	11.75	1	2	20.47	2	2	0	3
44139	8.42	0	1	17.22	2	2	2	3
44143	14.83	0	3	20.19	2	2	2	3
44151	11.58	1	3	18.57	2	2	1	3
44152	11.67	0	3	18.9	2	2	1	3
44222	13.17	0	3	18.04	2	2	2	3
44224	12	0	2	19.36	2	2	1	3
44226	8.75	1	4	16.71	2	2	1	3
44236	12.08	0	1	16.34	2	2	1	2
44242	8.75	1	2	27.66	4	2	0	1
44256	11.33	0	2	15.71	2	3	1	3
44263	11.75	0	1	19.16	2	3	2	3
44277	11.42	1	2	34.17	4	3	1	1
44280	11.33	0	1	21.62	3	3	1	3
44293	11.67	1	3	20.62	2	3	1	3
44297	9.42	0	2	23.47	4	3	1	3
44301	14.92	0	3	25.34	3	2	1	1
44308	11.33	1	2	21.7	3	2	1	3
44314	11.5	0	1	19.54	2	3	1	3
44315	13.5	0	3	18.94	2	2	1	3
44319	14.5	1	3	23.73	3	2	1	1
44321	14	1	1	17.35	2	2	1	3
44341	12.17	0	3	19.2	2	2	1	3
44350	8.75	0	2	20.82	4	2	0	1
44355	15.33	0	1	24.52	3	2	0	3
44367	8.67	0	3	17.36	2	2	2	3
44368	8.33	0	4	21.99	4	2	1	3
44373	9.33	0	2	17.39	2	2	1	3
44374	8.58	0	3	20.33	4	2	0	3
44376	10.08	0	2	23.78	4	3	1	3
44378	13.58	1	1	18.77	2	2	1	3
44395	11	0	3	18.01	2	2	1	3
44399	10.67	0	3	17.14	2	2	1	3
44416	12.75	1	1	20.74	2	2	0	3
44447	11	0	1	26.73	4	2	1	3
44463	8.75	0	2	16.97	2	2	2	1
44467	16	1	3	36.17	4	2	1	""
44470	9.17	0	1	15.37	2	3	1	2
44471	14	0	3	17.86	2	2	2	3
44472	12.75	0	1	21.2	3	2	1	1
44484	16	0	1	25.22	3	2	1	""
44485	10.83	1	3	19.27	2	2	1	3
44519	14.08	0	1	22.91	3	2	2	3
44523	14.75	1	1	16.4	2	2	1	""
44529	9.42	1	1	15.71	2	2	1	3
44548	13.58	1	3	22.5	2	2	1	3
44553	11.33	1	2	19.4	2	3	1	3
44555	12.17	1	3	22.37	3	2	1	3
44557	9.67	1	3	14.94	2	3	1	3
44560	11.33	0	1	15.66	2	2	1	3
44561	8.92	0	1	18.39	3	3	1	1
44571	15.5	1	3	19.79	2	2	1	3
44577	11.25	1	4	19.01	2	3	2	3
44593	15.5	0	2	20.81	2	2	2	3
44610	10.17	1	3	16.13	2	2	1	3
44612	8.08	0	1	16.64	2	2	2	3
44615	9.33	0	2	21	4	2	1	1
44619	8	1	2	15.49	2	2	1	3
44630	9.33	0	2	21.68	4	2	2	3
44632	11.75	0	2	18.23	2	3	1	3
44635	13.58	0	2	29.71	4	2	1	1
44678	8.75	1	3	18.82	3	2	2	3
44689	11.83	1	3	17.21	2	3	1	3
44697	11.92	0	1	19.5	2	2	1	3
44699	10.08	1	1	23.89	4	3	1	3
44700	10.25	1	2	18.03	2	3	1	3
44704	15.5	0	3	32.01	4	2	1	3
44713	14.5	1	2	36.53	4	2	1	1
44716	9.67	1	3	29.59	4	2	1	3
44721	9	0	4	14.79	2	2	1	3
44737	14.33	1	2	18.79	2	2	0	3
44740	11.08	1	3	29.27	4	2	1	1
44745	10.83	1	2	17.54	2	3	0	3
44755	11.83	1	1	17.89	2	3	2	3
44757	11	0	3	15.37	2	3	1	3
44761	12	1	2	22.61	3	2	1	3
44762	14.58	0	2	19.57	2	2	0	3
44772	12.75	0	1	25.37	4	2	1	1
44776	9.33	1	1	15.22	2	3	1	3
44798	13.58	1	1	19.72	2	2	0	3
44806	10.75	0	3	18.41	2	2	1	3
44808	11.83	0	2	26.98	4	2	1	1
44832	11.42	0	2	17.97	2	2	0	2
44834	8.25	1	1	22.62	4	2	1	3
44840	13.58	1	3	35.6	4	2	1	1
44860	8.25	1	2	20.72	4	2	0	3
44880	8.75	1	2	16.6	2	3	2	3
44908	15.42	0	3	18.87	2	2	1	3
44911	8.33	0	2	16.86	2	2	0	1
44912	14.42	1	2	27.67	4	2	1	1
44913	15.5	1	1	30.61	4	2	1	1
44917	8.5	1	2	15.79	2	3	0	3
44921	11.5	0	1	16.72	2	2	1	2
44922	15.33	1	1	22.58	2	2	1	""
44924	11.5	0	2	15.64	2	1	1	3
44942	15.5	0	2	25.71	3	2	1	1
44944	11.08	1	1	29.87	4	3	1	1
44952	13.5	1	2	36.61	4	2	1	1
44966	12.42	0	4	21.58	3	2	0	3
44977	14.67	1	3	27.99	4	2	1	1
44979	15.92	1	1	18.56	2	2	1	3
44981	11.17	1	2	18.32	2	2	1	3
44992	8.58	1	2	23.48	4	2	1	3
44994	14.25	0	4	21.57	2	2	1	3
44997	10.25	1	2	17.79	2	2	1	3
44999	8.67	1	2	16.69	2	2	1	3
45021	10.92	1	1	31.21	4	2	1	1
45040	9.83	1	2	27.35	4	2	0	3
45043	8.75	1	1	19.01	3	3	1	""
45046	13.42	1	1	19.1	2	2	2	3
45055	12.67	0	2	16.24	2	2	1	3
45066	12	1	3	23.73	3	2	1	3
45071	11.58	0	1	16.97	2	3	1	3
45079	14.67	1	2	20.42	2	2	1	3
45086	11	0	2	17.88	2	4	0	3
45091	8.67	1	3	15.76	2	4	1	3
45093	8.75	1	1	15.34	2	3	1	3
45094	14.75	0	1	19.78	2	2	1	3
45095	15.58	0	3	37.83	4	2	1	3
45102	14.92	1	1	21.83	2	2	1	1
45105	9	0	2	24.5	4	2	2	""
45121	11.67	1	2	19.05	2	2	1	3
45122	11.42	0	2	35.1	4	2	1	3
45133	9	1	2	19.76	3	2	1	2
45136	11.75	0	3	18.3	2	3	1	2
45149	12	1	3	22.78	3	2	2	3
45164	11.67	1	1	15.33	2	2	1	3
45167	12.42	0	1	23.74	3	2	1	1
45173	9	0	3	16.35	2	3	0	3
45189	14.75	0	4	17.87	2	2	1	2
45191	10.58	0	2	19.96	3	3	1	1
45195	9.08	1	1	16.54	2	3	1	3
45198	15.83	0	3	18.51	2	2	2	2
45203	11.92	1	3	16.99	2	1	1	""
45206	11.42	1	2	22.45	3	1	0	1
45220	10.67	1	1	18.27	2	3	1	3
45221	11.33	1	3	17.92	2	3	1	3
45242	15.5	0	2	20.36	2	2	0	3
45246	9	1	4	13.58	1	2	0	3
45254	15.42	1	1	26.06	3	2	2	1
45272	13.67	1	4	19.63	2	2	1	3
45275	15.58	0	2	21.79	2	2	1	3
45289	12.42	0	2	15.32	2	2	2	2
45290	15.92	1	1	36.75	4	2	2	1
45307	12	0	2	26.35	4	2	1	3
45322	12.58	1	3	22.62	3	2	1	3
45323	15.75	1	3	24.42	3	2	1	""
45325	8.25	1	2	15.61	2	2	1	3
45331	14.75	1	3	48.47	4	2	1	1
45336	11.92	0	1	24.23	4	3	1	1
45339	9.83	0	3	20.29	4	3	1	3
45345	10.25	0	1	17.29	2	3	1	3
45362	8.75	1	3	29.16	4	2	1	3
45364	10.92	0	1	18.57	2	2	1	3
45377	15.42	0	2	41.19	4	2	1	1
45378	10	1	2	26.7	4	2	1	1
45379	9.33	0	2	17.44	2	2	1	3
45381	12.42	0	1	16.44	2	2	1	3
45385	10	0	1	17.32	2	3	2	3
45389	8.83	1	2	16.68	2	4	0	3
45395	12.75	0	2	17.96	2	2	1	3
45396	8.58	0	1	16.61	2	3	1	3
45419	9.08	1	2	15.71	2	2	0	3
45427	16	1	1	19.79	2	2	2	""
45428	8.25	1	2	13.88	2	2	1	3
45432	13	1	4	17.33	2	2	1	3
45436	9.92	1	3	19.97	3	2	1	3
45438	8.33	0	2	15.82	2	3	2	3
45440	8.92	0	4	16.29	2	2	0	3
45448	15.75	0	1	18.11	2	2	1	3
45449	14.83	0	3	21.08	2	2	1	3
45453	8.58	0	3	22.85	4	2	2	3
45455	12.58	1	2	26.96	4	2	0	1
45460	13.5	1	3	35.01	4	2	1	1
45479	14.5	1	1	26.43	3	2	1	3
45503	12.75	0	2	23.4	3	2	2	3
45504	12.67	0	3	15.39	2	2	0	3
45512	10.67	1	1	12.5	1	2	1	2
45516	10.67	1	3	18.12	2	2	1	3
45524	8.75	1	2	16.43	2	2	1	2
45532	8.42	0	1	20.97	4	3	2	1
45533	10.33	1	1	19.46	2	3	1	3
45543	9.75	1	3	21.77	3	2	2	3
45551	8.17	1	2	25.4	4	3	1	1
45554	9	0	3	24.33	4	2	1	1
45566	10.58	0	3	17.82	2	2	1	3
45570	9.83	1	2	15.67	2	2	1	3
45574	8.08	1	2	14.94	2	3	1	3
45578	15.17	0	1	19.32	2	2	1	2
45580	13.67	1	2	14.38	1	2	1	2
45597	14.08	1	3	19.55	2	2	2	3
45600	10.33	0	2	17.58	2	3	1	3
45611	14.08	1	1	24.95	3	2	1	3
45618	8.25	0	2	19.36	3	3	1	3
45619	14.5	1	3	21.39	2	2	1	3
45622	13.17	1	2	21.24	2	2	1	3
45635	15.42	0	4	16.79	2	2	1	2
45642	10.58	0	3	20.7	3	2	1	3
45647	8.25	0	3	21.7	4	2	1	""
45661	8.75	1	1	17.11	2	2	1	3
45666	8	0	1	14.51	2	3	1	3
45669	8.58	1	3	18.86	3	3	1	2
45679	11.33	0	1	16.67	2	2	1	3
45680	12.33	1	3	22.4	3	2	1	1
45682	8	0	2	28.19	4	3	1	3
45687	10.83	1	2	27.43	4	2	1	1
45704	8.75	1	2	17.35	2	3	1	3
45709	12.75	0	3	19.79	2	2	1	""
45713	10.42	0	3	29.32	4	3	1	3
45726	12.83	0	2	49.14	4	2	1	""
45739	12.83	0	3	18.56	2	2	2	3
45742	15.58	1	3	26.35	3	2	1	""
45745	12	1	2	16.03	2	2	1	""
45762	9.33	0	1	12.54	1	3	1	3
45769	14.25	0	1	21.98	2	2	1	3
45770	10.58	1	1	16.16	2	3	0	3
45781	8.17	0	2	18.89	3	3	0	3
45791	13	0	3	27.38	4	2	1	1
45802	9.33	1	2	24.52	4	2	1	1
45830	14	1	3	20.15	2	2	1	3
45843	10.42	0	3	21.18	3	1	1	3
45854	10.58	1	1	24.44	4	3	1	1
45865	8.08	0	2	16.25	2	2	0	3
45873	11.67	1	2	19.76	2	3	1	3
45880	15.17	1	2	33.59	4	2	1	1
45893	13.17	1	2	15.06	1	2	2	3
45898	14.5	1	2	22.64	2	2	1	1
45914	16	0	3	21.21	2	2	1	""
45915	10.42	0	1	17.05	2	3	1	3
45917	11.92	1	3	23.74	3	2	2	3
45920	14.58	0	3	22.31	2	2	1	3
45938	15.25	1	1	17.13	2	2	1	3
45944	13.5	0	2	21.99	3	2	1	3
45948	10.25	0	4	27.77	4	2	1	1
45954	14	1	1	38.6	4	2	1	""
45956	15.83	1	2	23.94	2	2	1	3
45961	8.25	1	2	21.82	4	2	0	3
45963	9.75	1	2	20.27	3	2	1	3
45969	8.83	1	1	21.66	4	3	1	1
45978	13.25	1	1	30.16	4	2	1	3
45986	11.17	0	2	21.64	3	2	1	3
45991	9.58	1	1	23.3	4	3	2	1
45996	12.58	1	3	26.57	4	2	0	3
45999	11	0	2	16.76	2	3	1	3
46010	12.17	0	2	14.96	1	2	1	3
46024	8.75	1	3	13.64	2	3	1	3
46031	15.08	0	1	19.27	2	2	1	3
46045	9.75	1	2	23.05	4	2	1	1
46052	8.08	0	4	14.85	2	2	1	3
46055	9.5	0	3	18.01	2	2	1	3
46064	11.58	1	1	19.12	2	3	1	3
46067	14.17	0	2	15.74	1	2	1	2
46070	10.83	1	4	23.69	4	2	2	1
46071	11.83	0	1	17.06	2	3	1	3
46080	8.17	1	2	22.4	4	2	1	1
46084	13.17	0	1	20.58	2	2	2	3
46107	10.58	1	1	19.45	2	3	1	3
46115	12.25	1	3	25.02	3	2	1	3
46119	13.92	0	2	16.95	2	2	1	3
46121	8.83	1	3	28.24	4	2	2	1
46133	10.17	1	4	15.85	2	3	1	3
46146	13.42	0	1	21.14	2	2	1	3
46150	15.92	0	2	34.91	4	2	2	1
46152	11.67	1	4	20.47	2	2	0	3
46155	8.75	0	3	16.43	2	2	2	3
46162	12.33	1	2	19.08	2	2	1	3
46199	10	1	3	20.26	3	3	1	3
46205	11.33	0	1	18.89	2	2	2	3
46220	8.17	1	4	15.04	2	2	2	3
46230	13.75	0	1	25.78	4	2	1	1
46241	10.5	0	1	14.73	2	2	1	2
46259	13.33	1	2	30.31	4	2	2	1
46260	15.5	1	2	19.37	2	2	1	3
46263	9.17	0	2	25.64	4	2	1	1
46265	10.92	0	2	20.52	3	3	1	3
46266	11.25	0	3	17.49	2	3	1	3
46276	8.75	1	1	13.79	2	2	1	3
46292	15	1	2	26.43	3	2	0	3
46294	9.75	1	3	18.59	2	2	1	3
46297	8.5	0	2	19.5	3	3	0	3
46299	12.25	1	3	27.75	4	2	1	1
46308	11.5	0	2	18.75	2	3	1	3
46314	9.92	0	2	15.62	2	3	0	""
46318	14	0	3	23.11	3	2	2	3
46321	10.33	0	2	16.49	2	2	1	3
46324	13.5	1	1	16.35	2	2	1	3
46327	8.33	0	2	15.96	2	2	1	3
46330	10	0	1	17.48	2	2	1	3
46339	9.42	0	2	15.14	2	3	0	3
46350	15	1	1	23.49	2	2	2	3
46353	10.08	0	3	20.64	3	2	1	3
46355	13.83	0	3	21.87	3	2	0	3
46369	14.08	1	2	24.31	3	2	1	3
46373	10.08	1	1	26.31	4	3	1	3
46391	10.5	0	4	15.48	2	2	1	3
46402	15.5	0	2	22.77	2	2	1	3
46417	11.42	0	1	17.86	2	2	1	3
46421	12.67	1	4	17.96	2	2	1	""
46423	9.33	0	1	15.56	2	3	1	2
46426	11.92	0	2	18.64	2	3	1	3
46429	13.83	1	3	27.93	4	2	1	1
46430	10	1	3	16.27	2	2	2	3
46450	8.08	1	1	18.8	3	2	1	3
46456	13.33	1	3	18.89	2	2	1	3
46466	14.58	1	4	18.99	2	2	1	3
46471	8	0	1	16.28	2	2	2	1
46483	12.17	1	1	22.39	3	2	1	3
46488	14.25	1	2	24.89	3	2	1	1
46505	11.75	1	2	26.76	4	2	1	1
46508	10.08	0	3	22.71	4	3	1	1
46513	13.17	1	1	20.89	2	2	2	3
46515	13.92	1	2	17.23	2	2	1	3
46518	11.83	1	1	31.49	4	3	0	1
46524	13.83	1	1	16.28	2	2	1	3
46527	10.83	0	3	18.17	2	3	1	3
46539	8.08	1	2	15.72	2	3	1	3
46549	12.08	0	2	14.7	1	2	0	3
46552	9.17	0	2	15.96	2	2	1	3
46553	14.75	1	1	42.1	4	2	1	1
46567	9.25	0	2	27.5	4	2	1	1
46581	9.25	1	2	20.45	3	3	1	3
46583	11	1	1	22.94	3	2	2	3
46584	14.92	1	3	26.56	3	2	1	3
46612	14.83	0	2	23.05	3	2	2	3
46615	15.33	0	2	19.51	2	2	1	3
46622	8	1	2	30.59	4	2	1	3
46628	8.67	0	2	17.49	2	2	0	3
46639	11.17	1	3	18.7	2	2	1	""
46640	8	0	3	19.35	3	1	1	1
46643	8.67	0	2	20.78	4	3	2	1
46648	8.67	0	2	23.93	4	2	2	1
46662	10.67	1	3	32.71	4	3	1	1
46669	13.92	1	2	24.1	3	2	1	1
46673	11	1	2	19.97	2	3	1	3
46683	10.58	0	3	18.88	2	4	1	3
46685	15.33	1	3	21.86	2	2	1	3
46695	10.92	1	2	22.83	3	2	1	3
46703	14.75	0	1	19.96	2	2	1	3
46709	14.42	0	2	18.26	2	2	1	2
46718	15.25	0	1	18.75	2	2	1	""
46721	15.33	1	2	20.57	2	2	1	3
46723	8	1	2	15.46	2	2	1	3
46727	10.33	1	2	22.81	3	3	1	1
46735	8.83	1	3	30.41	4	2	1	3
46737	9.67	0	2	21.69	4	2	1	3
46749	8.08	1	4	15.97	2	3	1	""
46758	11.25	0	2	14.63	2	2	1	3
46767	12.08	1	2	15.09	2	2	1	2
46773	12.58	0	2	30.15	4	2	0	1
46774	8.58	0	3	16.52	2	3	1	3
46775	8.33	0	2	14.45	2	2	1	3
46783	13.58	0	1	18.47	2	2	1	3
46789	11.92	0	3	21.04	3	2	0	2
46792	15.83	0	2	18.1	2	2	1	2
46793	11.17	0	2	14.88	2	3	2	3
46806	13.67	0	2	21.41	2	2	1	3
46809	11.58	0	2	21.22	3	2	1	3
46826	8.33	0	1	22.34	4	3	0	1
46844	8.58	0	2	15.83	2	3	1	3
46845	9.5	0	3	16.76	2	3	1	3
46848	15.92	0	1	18.15	2	2	2	2
46849	14.25	1	1	16.42	2	2	1	2
46855	13.17	1	2	22.87	3	2	1	""
46860	10.67	1	2	16.76	2	2	1	""
46895	10.08	0	3	18.45	2	2	0	""
46908	8.17	0	1	23.13	4	3	1	3
46913	15.33	1	1	18.03	2	2	1	3
46915	13	0	2	21.58	2	2	2	3
46920	10.92	1	3	33.23	4	3	1	1
46938	8.08	1	2	18.12	3	2	1	3
46939	12.33	1	2	31.5	4	2	1	1
46943	10.25	0	1	14.75	2	2	1	2
46947	9.42	0	1	17.29	2	3	1	3
46959	15.75	1	1	18.5	2	2	0	3
46960	9.92	0	2	17.07	2	4	1	3
46964	12.83	0	3	38.88	4	2	1	1
46967	8.5	0	4	21.5	4	2	0	""
46978	15.25	1	3	42.07	4	2	1	1
46993	10	0	2	16.71	2	2	1	3
46999	14.67	1	2	20.5	2	2	1	3
47009	9.08	1	3	14.66	2	2	1	3
47013	13.08	1	2	24.99	3	2	1	3
47018	13.92	0	2	28.98	4	2	1	1
47027	12.33	1	3	18.72	2	2	1	3
47034	9.33	0	2	14.96	2	2	1	3
47058	10.83	0	3	20.76	3	3	1	3
47061	11.17	1	2	23.44	3	2	1	1
47078	15.92	1	1	22.07	2	2	1	3
47079	9.08	0	1	16.67	2	3	1	3
47090	10.75	0	2	22.65	4	3	1	""
47092	9.5	0	2	14.86	2	3	1	3
47094	15.08	1	2	23.87	2	2	1	1
47100	14.75	0	3	29.05	4	2	1	3
47103	12.08	0	4	15.24	2	2	1	3
47122	13.42	1	3	20.45	2	2	1	3
47140	9.58	0	2	22.51	4	2	1	3
47161	9	0	2	16.38	2	2	1	3
47165	11.5	0	2	24.93	4	2	1	1
47166	13.17	0	1	34.3	4	2	2	1
47178	11.58	0	4	16.66	2	2	2	3
47182	15.42	0	2	34.38	4	2	1	1
47195	8.83	1	2	15.69	2	2	0	3
47199	14.67	0	3	22.83	3	2	1	3
47200	9.5	1	3	25.68	4	2	1	1
47218	8.08	0	2	14.64	2	3	2	2
47220	15.83	0	1	26.02	3	2	1	1
47225	10.25	0	2	24.21	4	2	1	3
47236	14.08	0	1	18.75	2	2	1	3
47249	9.58	0	3	20.82	4	2	1	3
47250	13.67	0	2	24	3	2	1	3
47263	12.17	0	4	13.83	1	2	1	""
47268	10.25	1	2	19.96	2	3	1	3
47275	10.58	0	2	24.06	4	3	1	""
47278	11.42	1	2	20	2	3	1	3
47279	14.25	1	2	23.84	3	2	1	3
47294	12.42	0	1	27.8	4	2	2	3
47300	14.42	0	1	21.89	2	2	1	3
47307	9.17	0	3	16.92	2	2	1	3
47314	9.33	1	1	15.6	2	3	1	3
47326	12.5	1	2	22.99	3	2	1	3
47330	12	1	2	38.86	4	2	1	3
47338	15.17	1	1	27.46	3	2	1	3
47341	9.17	0	3	17.35	2	3	0	3
47342	15.25	0	2	24.72	3	2	1	3
47349	8.5	0	2	23.19	4	2	2	3
47357	13.92	0	2	34.93	4	2	2	1
47370	9.17	0	2	15.01	2	3	1	3
47373	9	1	2	26.59	4	3	0	3
47379	8	1	3	14.17	2	2	1	3
47390	12.92	1	1	25.84	4	2	1	1
47408	12.17	0	2	19.48	2	2	1	""
47423	12.5	1	1	18.72	2	2	1	3
47427	12.58	0	1	16.25	2	2	1	3
47431	14.83	0	1	28.09	4	2	1	1
47446	10.83	0	1	25.96	4	2	1	1
47449	15.17	1	1	18.47	2	2	1	3
47450	12.92	0	2	20.59	2	2	1	3
47468	9.58	1	2	21.05	3	3	1	3
47470	8.08	1	3	13.85	2	2	1	3
47484	10.17	1	2	26.87	4	2	1	1
47495	11.67	0	2	34.22	4	3	1	1
47504	8.17	0	3	17.57	2	3	1	3
47507	13.67	0	2	26.88	4	2	2	3
47509	11.67	1	1	16.76	2	3	1	3
47516	13.42	0	1	20.58	2	2	1	3
47530	14.5	1	2	26.21	3	2	0	3
47531	8.92	0	4	16.47	2	2	2	3
47539	10.83	1	1	19.41	2	2	1	3
47540	11.08	1	4	25.15	4	2	2	3
47549	13.83	1	1	21.34	2	2	1	1
47556	12.75	0	2	17.81	2	2	1	""
47562	14.83	0	1	17.28	2	2	1	3
47566	12.17	0	3	19.16	2	2	1	3
47573	8.75	1	3	19.32	3	2	1	3
47585	14.5	1	2	35.77	4	2	1	1
47591	15.83	0	1	19.03	2	2	1	3
47599	11.42	0	2	25.72	4	2	1	1
47604	15.67	0	2	18.18	2	2	0	3
47605	9.75	0	3	16.27	2	2	1	3
47606	11.33	0	1	22.77	3	3	1	1
47608	10.58	0	1	19.42	2	2	1	3
47616	14.75	0	2	16.37	2	2	1	3
47617	10.33	1	1	17.06	2	2	1	3
47618	8.67	0	1	22.43	4	3	2	3
47638	14	1	3	23.36	2	2	1	3
47641	15.33	0	1	23.74	3	2	1	3
47655	9.08	1	3	21.12	3	3	1	""
47656	13.58	1	2	26.85	4	2	1	1
47657	9.25	1	3	15.99	2	2	1	3
47663	14.5	1	2	18.45	2	2	1	3
47672	11.17	1	3	27.05	4	2	1	1
47681	15.42	1	2	42.67	4	2	1	1
47690	11.75	0	1	16.52	2	2	1	3
47692	9.5	0	2	15.86	2	3	0	3
47693	8.5	0	3	20.62	4	3	1	""
47700	14	0	1	19.52	2	2	1	3
47718	14.58	1	1	36.44	4	2	1	1
47720	9.5	1	2	22.89	4	2	2	1
47729	10.67	0	3	26.53	4	2	1	3
47731	14.92	0	1	26.02	4	2	1	3
47733	10.83	1	2	15.84	2	2	1	3
47734	14.75	1	2	21.82	2	2	1	3
47737	15.25	0	1	20.59	2	2	2	3
47742	10.08	0	3	14.27	2	2	1	3
47753	15.92	0	1	34.04	4	2	1	1
47765	14.08	1	1	21.9	2	2	1	3
47766	11.58	0	3	23.52	4	2	1	3
47767	11.58	0	2	30.21	4	2	0	3
47768	10.08	1	1	15.31	2	2	1	3
47781	14.17	0	2	27.46	4	2	1	1
47787	16	0	3	24.15	2	2	2	""
47806	10.5	0	3	15.85	2	3	1	3
47816	8.5	1	1	21.82	4	2	1	1
47829	8.67	1	3	18.79	3	2	1	3
47840	13.33	0	3	17.12	2	2	1	2
47847	15.83	0	1	21.12	2	2	1	3
47854	9.33	1	3	29.19	4	3	1	1
47855	12.5	1	2	16.95	2	2	0	2
47857	11.75	1	1	22.38	3	2	1	3
47861	13.75	1	3	20.88	2	2	1	3
47866	14.75	1	3	22.03	2	2	1	3
47876	8.17	1	2	24.2	4	2	2	3
47882	8.25	1	2	16.29	2	3	1	""
47889	8.5	1	1	21.56	4	2	0	1
47891	10.42	1	4	28.07	4	2	1	3
47898	13.58	0	3	19.92	2	2	1	3
47915	10.83	0	3	23.03	4	2	2	3
47923	8.92	0	2	18.37	3	2	1	3
47932	14.08	0	2	20.22	2	2	2	3
47941	9.67	1	1	25.86	4	2	1	1
47945	9.33	0	2	14.95	2	2	1	3
47946	14.42	0	4	23.98	3	2	1	3
47948	8.75	0	1	15.11	2	2	1	3
47953	13.58	1	3	19	2	2	1	3
47992	10	0	3	18.2	2	2	1	3
47996	8.25	0	2	18.17	3	2	1	3
48001	11.17	0	3	17.49	2	2	1	3
48007	14.92	0	2	18.06	2	2	1	3
48029	10.25	0	2	21.27	3	2	0	1
48030	15.5	0	1	26.48	3	2	1	1
48037	14.25	0	2	23.89	3	2	1	3
48039	10.67	0	2	17.8	2	3	0	3
48043	11.83	1	3	23.75	3	2	1	1
48049	15.75	1	3	30.6	4	2	2	1
48075	11.75	0	2	18.11	2	3	1	3
48085	8.08	0	1	16.87	2	3	1	3
48090	8.08	1	2	15.47	2	3	1	3
48102	9	0	2	14.74	2	2	1	2
48104	8.83	0	1	28.03	4	3	1	3
48113	9.33	1	2	17.71	2	3	1	3
48118	8.5	0	3	17.96	2	2	1	3
48119	15	1	4	24.9	3	2	1	3
48122	9.08	1	1	15.81	2	3	1	3
48123	12.33	1	1	23.39	3	2	1	3
48126	9.83	1	3	26.28	4	2	2	3
48131	11.75	1	1	26.18	4	1	1	1
48137	15.92	0	3	19.01	2	2	2	2
48138	10.25	1	1	25.36	4	2	1	1
48147	12.17	0	2	34.4	4	2	1	1
48174	11.5	0	1	18.58	2	3	1	3
48186	15.83	1	2	31.52	4	2	1	3
48188	14.42	0	1	18.07	2	2	2	3
48195	8.5	0	2	20.17	4	3	2	3
48199	14.5	0	3	19.76	2	2	1	3
48206	14	1	2	17.7	2	2	1	3
48226	15.08	0	3	26.05	3	2	1	3
48228	13.67	1	3	16	2	2	1	2
48236	8.75	1	2	15.77	2	2	1	3
48254	12.67	1	2	15.16	2	2	1	2
48255	8.25	0	2	21.78	4	2	1	3
48262	14.17	0	3	36.44	4	2	1	1
48263	11.33	1	2	20.34	2	2	0	""
48268	12.75	0	4	19.23	2	2	1	3
48273	8.25	1	2	17.54	2	2	1	3
48280	9.08	1	1	15.25	2	3	1	3
48285	14.25	1	2	24.62	3	2	1	3
48288	9.33	1	3	20.5	3	3	0	3
48291	14.33	0	2	27.46	4	2	1	3
48303	13.67	0	4	33.87	4	2	1	1
48305	10.92	0	3	26.59	4	2	1	1
48311	8.25	1	1	14.7	2	1	1	""
48326	14.25	0	1	27.64	4	2	1	3
48328	15.75	1	2	22.29	2	2	1	3
48331	14.25	0	1	18.5	2	2	2	3
48333	8.67	1	1	23.64	4	3	1	3
48352	12.17	0	2	19.88	2	2	1	2
48363	15.83	1	1	22.07	2	2	1	3
48367	15.17	0	4	37.3	4	2	1	1
48386	8	0	1	16.41	2	3	0	3
48395	9.25	0	3	15.04	2	3	1	3
48409	8.67	1	4	15.56	2	3	2	2
48411	9.67	1	2	18.41	2	2	1	3
48412	9.33	1	1	19.74	3	2	1	3
48417	14.33	1	2	18.85	2	2	1	3
48420	13.5	1	1	15.92	2	2	1	3
48421	8.58	1	3	22.31	4	3	1	3
48436	10.08	0	4	24.57	4	2	1	1
48437	11.5	1	2	17.3	2	3	1	3
48441	8.17	1	2	14.9	2	1	1	2
48454	9.83	0	2	24.67	4	2	1	3
48459	14.25	0	1	19.59	2	2	1	3
48463	13.42	0	1	18.72	2	2	1	3
48464	11.67	0	2	20.65	3	3	1	3
48475	15.67	0	1	16.94	2	2	1	2
48477	11.5	0	1	18.23	2	2	1	1
48481	11.5	0	3	17.07	2	2	1	3
48498	10.5	0	2	20.91	3	3	0	3
48511	10.08	0	1	16.92	2	2	1	3
48512	15.83	0	3	29.46	4	2	2	1
48523	11.33	1	3	16.71	2	2	1	2
48525	15.92	0	1	25.43	3	2	1	1
48527	15.5	1	3	22.11	2	2	1	3
48530	10.83	0	1	16.21	2	2	1	3
48542	14.08	0	2	20.77	2	2	1	3
48544	14	1	1	20.2	2	2	1	3
48547	14.17	1	1	19.38	2	2	1	3
48564	10.92	0	2	28.14	4	3	1	1
48566	12	1	1	28.34	4	2	1	3
48578	14.83	0	2	34.44	4	2	2	1
48580	12.25	1	2	17.3	2	2	1	""
48581	14.08	1	2	20.7	2	2	1	1
48587	15.75	0	4	28.59	4	2	1	3
48590	15.25	0	1	20.78	2	2	1	3
48598	11.42	1	3	24.27	4	2	1	3
48613	9.75	0	2	28.04	4	3	1	2
48624	9.17	1	1	14.53	2	1	1	3
48625	9.67	1	4	16.19	2	3	2	3
48630	11.08	0	3	39.23	4	2	1	1
48634	10.42	1	2	16.91	2	2	0	3
48637	8.5	0	3	15.37	2	3	1	3
48651	14.33	0	1	45.18	4	2	2	1
48656	14.67	0	2	17.54	2	2	1	2
48664	8.83	0	1	14.39	2	3	1	2
48665	11.83	1	1	15.4	2	3	1	3
48677	10.08	1	1	15.54	2	2	1	3
48678	12	1	2	15.94	2	2	1	2
48680	9	1	1	19.95	3	3	1	3
48681	8.92	1	1	15.95	2	3	1	3
48683	14.83	1	1	23.85	3	2	1	3
48686	13.17	1	2	20.35	2	2	1	3
48697	14.25	1	2	20.07	2	2	1	""
48699	9.25	0	3	16.36	2	3	1	3
48700	10.42	0	3	15.86	2	2	2	3
48707	10.92	1	2	21.3	3	2	1	3
48734	12.75	1	3	22.56	3	2	1	""
48742	8.08	0	1	16.07	2	2	1	3
48745	9.92	1	3	16.79	2	1	1	""
48748	13.42	1	1	29.52	4	2	1	1
48752	9.75	1	1	15.26	2	2	1	3
48753	14.83	1	2	26.59	3	2	1	1
48754	9.33	0	3	20.68	4	3	1	""
48759	14.33	1	1	23.46	2	2	1	""
48762	14.75	0	3	20.79	2	2	1	3
48764	13.58	0	1	24.78	3	2	2	3
48767	8.75	1	2	26.77	4	2	1	1
48768	12.42	0	3	18.41	2	2	1	3
48770	9.25	0	3	23.02	4	3	1	3
48773	11	1	2	23.93	3	2	1	1
48777	11.92	0	2	21.29	3	2	1	3
48781	11.08	0	3	14.53	2	1	1	3
48782	9.25	1	1	20.28	3	2	1	3
48785	14.17	0	1	26.31	4	2	1	3
48795	12.67	1	2	19.25	2	2	1	3
48798	9.08	1	4	25.5	4	3	1	3
48799	14.92	0	2	19.23	2	2	0	2
48807	14	1	3	25.2	3	2	1	1
48810	13.33	0	1	17.6	2	2	1	3
48822	8.5	0	1	13.53	1	3	0	3
48831	14.92	0	3	19.45	2	2	1	3
48836	10.33	0	1	17.55	2	3	0	3
48839	11.08	0	1	25.35	4	3	1	3
48843	14.83	1	1	20.27	2	2	1	3
48845	10	1	2	15.64	2	2	1	3
48847	13.33	0	2	21.89	3	2	1	3
48848	10.08	0	1	23.45	4	1	1	3
48850	9.25	1	4	20.24	3	3	1	3
48854	11.17	1	3	23.31	3	2	1	3
48856	9.58	1	3	15.93	2	3	1	3
48857	11.67	0	1	18.74	2	3	0	3
48869	8.42	0	3	23.23	4	2	1	3
48877	12.17	0	3	16.61	2	2	0	3
48879	10	0	1	33.82	4	2	1	1
48881	9.58	0	3	16.35	2	3	1	3
48883	11.67	0	3	25.33	4	2	1	""
48895	13.42	1	2	17.81	2	2	1	2
48898	15.67	0	3	28.12	4	2	1	1
48900	12	1	3	20.55	2	2	1	3
48912	11.5	0	1	21.15	3	3	1	3
48913	14.83	0	2	28.09	4	2	2	1
48918	13.08	0	2	19.79	2	2	1	3
48920	8.5	0	3	17.16	2	3	1	3
48923	15.5	0	3	33.75	4	2	2	1
48933	15.67	1	1	25.76	3	2	1	3
48943	10.75	0	2	14.91	2	2	1	2
48945	9.75	0	2	17.87	2	2	1	3
48946	12.17	0	1	19.08	2	2	1	""
48955	9.58	0	3	16.64	2	2	1	3
48963	11.67	1	2	25.28	4	3	0	1
48967	8.83	1	2	19.9	3	2	1	1
48972	10.33	1	3	24.81	4	2	1	1
48975	9.17	0	4	17.2	2	3	1	3
48981	13.58	1	1	22.32	2	2	1	3
48992	9.67	0	4	16.47	2	3	1	3
48994	10.75	1	2	19.26	2	3	0	3
48995	11.83	0	3	18.09	2	3	1	3
49006	8	1	2	16.49	2	2	1	3
49007	11.83	1	2	15.06	2	2	1	3
49014	10	0	2	21.14	3	3	2	3
49025	12.58	0	2	22.86	3	2	1	3
49036	8.17	0	2	16.38	2	2	0	3
49041	11.5	1	1	28.13	4	2	1	1
49044	13.83	0	3	18.2	2	2	1	3
49048	11.17	1	2	19.86	2	2	1	3
49054	10.17	1	3	19.02	2	3	1	3
49059	12.08	1	1	24.36	3	2	2	1
49063	13	0	3	18.41	2	2	1	3
49065	9	1	2	16.23	2	1	1	3
49088	11.58	0	1	23.19	4	3	1	1
49094	11.08	1	2	18.25	2	2	0	""
49102	12.75	1	2	18.17	2	2	1	3
49107	8.92	0	1	20.45	4	3	1	1
49108	15	0	2	26.28	3	2	2	1
49119	14.92	1	3	23.65	3	2	1	3
49128	9.5	0	1	15.22	2	3	1	2
49135	9.83	1	1	22.09	4	2	2	3
49145	12.08	0	3	29.76	4	2	1	1
49152	11.92	1	3	18.65	2	3	1	1
49162	14.25	0	1	30	4	2	1	3
49164	9.92	1	1	20.51	3	2	1	3
49173	13.92	0	3	17.16	2	2	1	2
49174	10.92	1	2	13.11	1	2	1	3
49182	10.5	1	2	16.09	2	3	1	3
49190	12	0	2	24.03	3	2	0	3
49199	16	1	3	33.65	4	2	1	""
49202	9.08	1	2	21.24	3	2	0	3
49203	9.42	1	2	18.04	2	2	1	""
49206	14.08	1	3	21.44	2	2	1	3
49207	11.92	1	1	22.18	3	2	1	3
49210	10.83	0	3	31.44	4	2	2	1
49224	11.83	1	1	24.69	4	2	1	3
49231	9.17	1	2	26.1	4	2	1	3
49232	9.75	1	1	19.87	3	2	1	3
49237	8.58	0	1	24.93	4	3	1	1
49240	14.33	1	1	21.35	2	2	1	1
49264	9.33	0	1	19.09	3	3	0	1
49302	10.83	1	1	22.03	3	2	1	3
49308	14.08	0	3	18.03	2	2	1	3
49317	11.75	0	1	17.05	2	3	1	3
49318	15.17	0	3	28.53	4	2	1	1
49325	9	0	3	16.93	2	3	1	3
49326	10.92	0	1	25.38	4	3	1	1
49336	14.67	0	1	16.51	2	2	1	3
49337	15.83	0	2	18	2	2	2	2
49340	12.83	0	3	20.28	2	2	1	""
49347	11.08	1	3	19.35	2	3	0	3
49354	8.5	1	2	16.67	2	3	1	3
49356	15	0	2	25.48	3	2	1	3
49360	13.17	0	4	16.67	2	2	2	2
49389	10.08	1	1	15.69	2	3	1	3
49396	15.67	0	1	20.11	2	2	2	3
49399	13.5	1	4	17.06	2	2	1	3
49409	8	0	2	14.42	2	2	1	3
49421	8	1	3	17.23	2	3	0	3
49423	13.67	0	2	19.87	2	2	1	3
49439	16	1	2	18.21	2	2	2	""
49440	9.17	1	1	29.84	4	2	1	1
49444	8.92	1	1	18.7	3	2	1	2
49448	15.83	0	3	30.07	4	2	1	3
49466	15.92	0	1	17.99	2	2	1	2
49467	15.75	0	2	24.53	3	2	1	3
49469	14.42	0	2	33.71	4	2	1	1
49471	10.75	1	2	19.2	2	3	0	3
49474	15.83	0	2	20.1	2	2	1	3
49475	12.5	0	3	15.61	2	2	1	3
49476	13.17	1	3	17.13	2	2	1	2
49478	9.25	0	2	13.75	1	2	1	3
49480	14.33	0	2	28.53	4	2	1	1
49485	10.92	0	4	22.02	3	3	1	3
49498	11.17	0	1	25.86	4	3	2	3
49503	15.33	0	1	18.44	2	2	1	3
49508	9.58	0	1	30.45	4	2	1	1
49515	12.42	0	2	17.47	2	2	0	3
49518	14.33	0	3	15.9	1	2	1	3
49532	8.08	1	3	14.29	2	2	1	3
49533	9.5	0	3	16.41	2	2	1	""
49537	11.5	0	1	18.26	2	2	1	3
49544	10.92	0	2	18.3	2	2	1	3
49549	12.58	0	3	21.79	3	2	1	""
49553	14.42	1	3	21.66	2	2	1	3
49556	10.08	1	2	13.63	1	2	1	3
49558	9.92	0	1	27.53	4	2	2	1
49577	10.92	1	2	21.48	3	1	1	3
49578	11.5	0	3	17.67	2	3	0	3
49579	14.67	1	3	27.88	4	2	1	1
49588	13.08	0	2	26.9	4	2	1	3
49592	9.5	1	2	19.47	3	2	1	3
49611	10.25	0	1	24.3	4	2	1	1
49613	8.5	0	3	15.37	2	3	2	3
49615	14.67	1	3	21.03	2	2	1	""
49617	10	0	3	16.85	2	3	1	3
49623	12.58	0	3	18.01	2	2	1	3
49625	9.42	0	2	15.24	2	2	0	3
49637	10.17	1	4	15.84	2	2	1	""
49640	13.25	0	4	25.39	4	2	1	3
49645	13.92	1	3	24	3	2	1	3
49646	10.25	1	2	16.65	2	2	1	3
49649	11	1	3	18.25	2	4	1	3
49653	10.5	1	1	28.11	4	2	1	1
49658	11.5	0	2	24.14	4	2	0	1
49660	13.17	1	3	20.9	2	2	1	3
49663	11.33	1	1	14.04	1	2	0	3
49666	14.42	1	2	20.34	2	2	1	1
49677	16	1	3	31.64	4	2	1	""
49683	13.58	0	2	37.55	4	2	2	1
49687	8.83	0	3	15.29	2	3	0	""
49690	14.25	1	3	32.28	4	2	2	3
49703	14.83	1	2	23.38	2	2	1	3
49710	11.33	0	3	17.05	2	2	1	3
49712	15.25	1	2	30.58	4	2	0	1
49718	11.08	1	2	15.4	2	2	1	3
49729	11.17	0	1	14.9	2	3	2	3
49730	14.75	0	2	23.59	3	2	1	3
49755	12	0	1	24.04	3	2	1	""
49765	13.33	1	2	17.26	2	2	0	3
49766	10.08	0	2	25.43	4	2	0	3
49778	11.75	1	3	18.46	2	2	1	3
49789	15	1	3	18.55	2	2	1	3
49791	10.33	0	1	17.73	2	3	0	3
49797	12.42	1	2	22.31	3	2	1	3
49798	12.75	1	3	33.33	4	2	1	1
49807	8.58	1	3	21.71	4	2	1	3
49820	14.75	1	3	18.53	2	2	1	3
49826	9.17	1	2	18.91	2	3	1	3
49835	12.08	0	2	25.7	4	2	1	3
49846	14.58	1	2	29.45	4	2	1	1
49852	10.08	1	3	15.38	2	2	1	3
49862	9.75	1	3	14.52	2	2	1	2
49864	9.33	1	3	17.1	2	2	1	1
49865	15.75	1	1	25.92	3	2	1	1
49881	12.5	0	4	14.6	1	2	1	2
49889	9.08	0	1	23.31	4	3	1	1
49911	12	0	1	19	2	2	2	3
49914	10.08	0	2	18.09	2	3	2	3
49915	11.58	1	1	17.36	2	2	1	3
49918	15	1	2	23.88	2	2	0	1
49922	8.58	0	3	16.1	2	2	1	3
49926	12.67	0	4	26.02	4	2	1	3
49927	8.08	1	2	31.84	4	2	1	1
49930	11.25	0	1	21.67	3	4	1	3
49931	9.17	1	3	16.07	2	3	1	3
49933	12.33	0	2	23.92	3	2	1	""
49937	14.08	1	3	29.9	4	2	1	1
49939	15.25	0	2	31.54	4	2	1	1
49951	10.17	1	3	23.49	4	3	1	3
49952	14.08	1	2	23.51	3	2	1	3
49958	12.67	1	3	16.36	2	2	1	3
49980	13.92	0	1	39.47	4	2	1	""
49982	14.17	0	2	21.09	2	2	1	""
49989	8.33	0	3	17.18	2	2	1	3
49992	11.75	0	1	23.38	4	2	1	3
49999	12.75	0	3	33.18	4	2	1	1
50009	11.08	1	2	20.21	2	3	1	3
50011	13.75	0	3	21.08	2	2	1	3
50018	8.75	1	1	14.76	2	2	1	3
50027	11.58	0	4	19.93	2	3	0	3
50032	11.5	0	1	16.71	2	3	2	2
50033	15.25	0	3	26.3	3	2	1	3
50042	13.42	1	2	16.64	2	2	1	3
50046	12.17	0	2	25.14	4	2	1	1
50066	11.42	1	2	21.46	3	2	1	3
50077	10.08	0	2	21.33	3	2	1	3
50082	8.83	1	1	15.12	2	3	1	3
50089	12.58	0	2	21.06	3	2	0	3
50091	9	1	1	25.95	4	3	0	1
50092	8.42	1	3	25.1	4	2	1	3
50097	14	1	1	17.41	2	2	1	3
50104	15.33	1	1	20.99	2	2	2	3
50105	10.83	0	1	15.65	2	3	1	2
50132	13.08	1	1	21.35	2	2	1	3
50141	9.33	0	2	23.38	4	3	0	3
50143	11.92	1	2	17.85	2	2	0	3
50145	8.08	1	1	22.69	4	3	1	3
50149	10.83	1	1	14.06	2	3	1	2
50168	9.17	0	1	25.31	4	3	1	3
50184	8.58	0	1	18.71	3	2	1	3
50197	10.25	0	1	15.81	2	2	1	3
50224	11.08	0	2	16.02	2	3	0	3
50230	13.25	1	3	18.63	2	2	1	3
50231	13.25	0	3	28.18	4	2	1	""
50234	10.25	1	2	28.47	4	2	1	1
50237	9.17	1	2	17.88	2	3	1	3
50256	14.33	0	2	19.17	2	2	0	3
50257	8.92	1	2	15.31	2	2	1	3
50259	11.58	1	2	23.53	3	2	2	1
50264	14.67	1	3	29.51	4	2	0	1
50288	10.08	1	1	15.99	2	2	1	3
50289	10.92	0	1	16.03	2	3	1	3
50291	10.25	1	1	24.66	4	2	1	3
50310	11.08	1	2	17.57	2	1	1	3
50311	14.67	0	2	24.79	3	2	1	3
50313	15	0	2	20.92	2	2	2	3
50314	9	0	2	25.71	4	2	1	2
50317	9.92	1	3	16.97	2	3	0	3
50325	9.75	1	1	18.31	2	3	2	3
50330	14	1	2	20.89	2	2	1	2
50352	10.25	1	1	21.32	3	3	0	3
50353	15.75	1	1	29.41	4	2	1	1
50384	9.92	1	2	19.58	3	2	1	3
50394	13.17	0	1	22.18	3	2	1	""
50398	10.67	1	1	21.41	3	3	1	3
50402	14.25	1	2	19.18	2	2	1	""
50403	8.17	0	1	16.61	2	2	1	3
50405	12	0	1	15.91	2	2	1	3
50417	11.58	1	1	16.23	2	3	1	3
50427	11.58	1	2	23.33	3	2	1	3
50435	14.92	0	2	32.18	4	2	1	1
50445	8	1	3	14.18	2	2	0	3
50460	11	1	2	17.65	2	3	0	3
50461	8.75	1	1	16.3	2	3	1	3
50470	8.17	1	3	18.72	3	2	0	3
50471	8.33	1	2	23.32	4	3	0	3
50483	13.25	0	3	21.68	2	2	1	""
50486	10.75	1	2	19.23	2	3	1	3
50494	9	0	3	32.58	4	2	1	3
50501	11.83	0	1	24.67	4	2	1	1
50511	12.75	0	2	17.44	2	2	1	3
50516	11	1	2	33.42	4	2	1	1
50519	15.92	0	2	23.82	3	2	1	3
50521	14.83	1	3	25.65	3	2	1	3
50525	9.67	0	2	16.09	2	3	1	2
50527	12.58	1	1	30.03	4	2	2	3
50542	11.83	1	3	22.25	3	1	2	3
50553	8.33	1	2	19.48	3	1	1	3
50569	8.08	1	3	23.92	4	2	1	2
50575	10.92	0	1	26.2	4	2	2	3
50579	11.67	0	2	30.52	4	2	2	1
50581	15.75	0	4	20.86	2	2	2	2
50586	10.92	0	1	17.89	2	3	1	3
50599	14.42	0	2	31.71	4	2	2	3
50610	8.08	0	3	16.44	2	3	1	2
50631	10.42	0	1	19.81	3	3	2	3
50668	14.25	1	3	20.54	2	2	1	3
50681	11.33	0	3	22.38	3	2	1	""
50683	8	1	2	23.37	4	2	0	1
50706	10.33	1	3	14.3	2	2	1	3
50717	9.25	1	3	23.36	4	2	1	3
50719	15.33	1	2	16.13	1	2	1	2
50725	14.92	1	2	37.51	4	2	1	3
50743	8.08	1	1	19.85	3	2	1	3
50745	10	1	1	30.66	4	3	1	3
50749	13.08	1	1	29.5	4	2	1	""
50756	10.08	1	2	16.73	2	2	1	""
50761	16	1	2	19.15	2	2	0	""
50763	14.25	1	2	26.15	3	2	1	1
50772	11.83	0	2	32.79	4	2	1	3
50775	15.33	1	4	19.37	2	2	1	3
50776	14.67	1	2	18.43	2	2	0	3
50796	10.92	1	2	15.48	2	2	1	2
50799	11.33	1	3	18.74	2	3	1	3
50801	13.08	1	1	18.29	2	2	1	3
50802	15.17	1	2	21.1	2	2	1	3
50803	14.33	0	2	21.82	2	2	1	3
50808	10.42	0	2	17.58	2	2	1	3
50817	10	1	1	20.64	3	3	1	3
50818	9	1	2	16.31	2	3	1	""
50822	15.58	1	2	34.89	4	2	1	1
50824	8.08	1	2	20.29	3	2	1	3
50825	10	1	1	21.84	3	3	1	""
50828	15.08	0	3	23.7	3	2	1	3
50834	9.83	1	3	16.23	2	3	1	3
50839	8.75	1	2	20.66	4	2	1	2
50846	8.92	0	3	17.33	2	2	1	3
50847	8.08	1	1	16.84	2	3	1	3
50853	8.5	1	2	15.7	2	3	1	3
50854	15.67	0	1	20.67	2	2	1	3
50863	14	0	2	22.81	3	2	1	3
50886	11.83	1	1	23.64	3	2	1	1
50890	12.67	1	2	20.32	2	2	1	3
50898	15.58	1	3	23.45	2	2	1	""
50907	11.08	1	1	17.36	2	3	1	3
50909	15.33	0	2	19.88	2	2	1	3
50912	15.08	0	1	18.32	2	2	1	3
50914	11.42	0	3	21.02	3	4	1	1
50919	12.25	0	1	29.17	4	2	1	3
50938	14.17	0	2	19.14	2	2	1	3
50945	14.75	1	1	21.04	2	2	1	3
50952	8.33	0	2	19.05	3	2	1	3
50955	8.42	1	2	16.2	2	2	0	2
50961	10.83	1	3	21.45	3	3	1	1
50966	11	0	2	21.3	3	3	0	3
50972	11.67	0	1	23.95	4	3	1	3
50977	11	1	2	18.44	2	3	1	3
50981	8.83	1	2	16.06	2	3	1	2
50986	11.92	0	2	19.61	2	2	1	1
51000	14.92	1	2	22.52	2	2	1	1
51001	13.5	0	1	35.49	4	2	1	1
51007	12.42	0	1	25.15	4	2	1	""
51016	12.17	1	1	22.28	3	2	0	3
51021	12.83	1	3	25.09	3	2	1	3
51031	13.17	1	1	22.17	2	2	1	3
51033	8.17	0	1	20.21	4	2	1	3
51034	14.5	0	1	27.59	4	2	1	3
51050	9.75	1	2	13.98	2	3	1	3
51052	11.83	1	2	24.65	4	2	1	3
51056	13	1	1	22.28	2	2	2	3
51061	9.58	0	1	15.76	2	2	1	3
51062	12.58	1	2	21.19	2	2	1	3
51066	13.83	0	3	22.47	3	2	1	3
51076	8.83	0	1	15.8	2	3	1	3
51080	13.5	0	3	20.12	2	2	1	3
51082	8.83	1	1	15.01	2	2	1	3
51086	10.92	1	3	18.36	2	3	1	3
51095	8.83	0	2	22.87	4	3	1	3
51106	9.25	1	4	14.2	2	2	1	3
51109	9.42	0	4	15.67	2	3	1	3
51119	10	0	2	21.08	3	3	2	3
51128	11.5	1	3	27.97	4	3	1	""
51135	10.67	1	2	28.56	4	2	1	3
51149	12.17	1	4	18.73	2	2	1	3
51150	11.42	1	2	17.67	2	2	1	3
51159	10.67	0	3	22.66	4	3	2	3
51161	9.17	1	2	16.01	2	2	1	3
51166	10.42	0	1	18.82	2	3	0	3
51173	13.67	1	1	19.07	2	2	1	""
51186	13	1	3	19.26	2	2	1	3
51191	10.5	0	2	18.09	2	3	1	3
51196	16	0	3	22.31	2	2	2	""
51199	15.92	1	2	26.83	3	2	0	3
51215	15	0	4	19.03	2	2	1	3
51216	9.75	1	2	26.68	4	2	1	1
51219	12.42	0	4	26.03	4	2	1	3
51221	12.33	1	1	15.52	2	2	1	3
51230	8	0	2	26.06	4	2	1	2
51233	9.75	0	2	21.93	4	3	1	1
51236	10	1	3	17.57	2	1	1	1
51243	13.42	0	1	19.47	2	2	1	3
51256	14.17	0	1	21.48	2	2	1	3
51259	11.67	1	3	20.94	2	3	1	3
51261	11.33	0	3	24.88	4	2	1	1
51274	13.33	0	2	32.09	4	2	1	""
51283	9.17	1	2	18.41	2	2	1	3
51284	9.42	0	3	22.44	4	4	1	""
51285	11.5	0	1	15.27	2	3	1	3
51294	9.75	1	2	22.62	4	2	1	3
51331	12.5	0	4	29.52	4	2	1	3
51337	11.5	0	2	15.35	2	2	1	2
51343	14.33	0	3	17.52	2	2	1	2
51358	9.33	0	1	18.67	3	3	0	3
51359	10.42	1	1	21.12	3	2	1	3
51368	9.75	0	2	22.81	4	3	1	1
51369	13	1	2	32.31	4	2	0	1
51372	15.5	1	1	24.41	3	2	1	3
51374	13	1	1	27.33	4	2	1	3
51382	9.08	1	1	13.54	1	3	2	2
51383	13.33	0	1	29.38	4	2	0	1
51400	11.58	1	1	25.3	4	2	2	1
51410	12	1	2	21.64	2	2	1	2
51414	9	1	3	16.31	2	1	0	3
51418	13.5	0	1	17.73	2	2	1	3
51421	11	1	1	16.74	2	3	1	3
51424	9.83	1	3	33.95	4	3	2	3
51443	14.92	0	1	15.16	1	2	1	3
51450	10.83	0	1	17.12	2	3	1	3
51454	12	1	2	25.29	3	2	1	1
51460	15.5	1	2	21.83	2	2	1	3
51464	13.58	1	2	20.31	2	2	1	3
51467	8.75	1	3	16.4	2	1	1	""
51476	13.92	0	3	15.82	2	2	1	2
51477	8.42	1	1	14.71	2	3	1	2
51480	8.17	0	2	21.85	4	2	1	3
51489	13.5	1	3	28.59	4	2	1	1
51505	13.58	0	3	16.91	2	2	1	2
51528	11.75	0	1	18.77	2	3	2	3
51531	12.42	1	3	26.09	4	2	1	""
51534	11.17	0	2	15.38	2	2	0	3
51559	10.67	1	2	31.04	4	3	1	3
51565	8.83	0	3	17.91	2	2	1	3
51567	12.17	0	2	28.93	4	2	1	""
51571	8.42	1	3	16.08	2	3	1	3
51573	10.17	1	1	14.29	2	2	1	2
51586	10.33	0	1	18.23	2	2	1	3
51588	15.92	0	2	25.53	3	2	1	3
51612	8.33	1	1	14.33	2	2	1	3
51613	13.25	0	1	29.65	4	2	1	1
